	n,	idlv+-s,	lp2normal+clasp,	me-asp,
	1,	1.202,	0.104,	0.104,
	2,	1.203,	0.159,	0.154,
	3,	1.229,	0.258,	0.155,
	4,	1.233,	0.259,	0.203,
	5,	1.261,	0.266,	0.259,
	6,	1.31,	0.313,	0.269,
	7,	1.32,	0.417,	0.311,
	8,	1.32,	0.575,	0.317,
	9,	1.322,	0.583,	0.486,
	10,	1.323,	0.583,	0.582,
	11,	1.33,	0.623,	0.657,
	12,	1.339,	0.631,	0.755,
	13,	1.349,	0.919,	0.847,
	14,	1.35,	0.936,	0.916,
	15,	1.363,	1.092,	1.116,
	16,	1.372,	1.193,	1.131,
	17,	1.375,	1.226,	1.178,
	18,	1.384,	1.361,	1.25,
	19,	1.397,	1.384,	1.423,
	20,	1.424,	1.599,	1.423,
	21,	1.443,	1.611,	1.653,
	22,	1.449,	1.611,	1.715,
	23,	1.473,	1.64,	1.724,
	24,	1.476,	1.679,	1.891,
	25,	1.495,	1.985,	1.906,
	26,	1.496,	2.011,	1.912,
	27,	1.496,	2.172,	1.919,
	28,	1.507,	2.181,	1.952,
	29,	1.512,	2.226,	1.965,
	30,	1.718,	2.349,	1.99,
	31,	1.735,	2.38,	2.128,
	32,	1.744,	2.381,	2.183,
	33,	1.747,	2.383,	2.193,
	34,	1.754,	2.442,	2.193,
	35,	1.773,	2.625,	2.196,
	36,	1.79,	2.76,	2.197,
	37,	1.803,	2.773,	2.203,
	38,	1.825,	2.986,	2.32,
	39,	1.993,	3.124,	2.452,
	40,	2.02,	3.455,	2.703,
	41,	2.099,	3.56,	2.704,
	42,	2.346,	3.703,	2.734,
	43,	2.534,	3.883,	2.809,
	44,	2.581,	3.993,	2.813,
	45,	2.615,	4.116,	2.906,
	46,	2.619,	4.164,	2.962,
	47,	2.684,	4.201,	2.976,
	48,	2.773,	4.256,	3.009,
	49,	2.827,	4.434,	3.009,
	50,	3.013,	4.441,	3.249,
	51,	3.052,	4.692,	3.266,
	52,	3.087,	4.958,	3.313,
	53,	3.091,	5.002,	3.423,
	54,	3.111,	5.026,	3.516,
	55,	3.177,	5.167,	3.767,
	56,	3.187,	5.348,	3.826,
	57,	3.25,	5.351,	3.831,
	58,	3.31,	5.468,	3.951,
	59,	3.352,	5.607,	4.038,
	60,	3.512,	5.677,	4.067,
	61,	3.523,	5.954,	4.075,
	62,	3.574,	6.043,	4.102,
	63,	3.605,	6.075,	4.104,
	64,	3.613,	6.371,	4.11,
	65,	3.706,	6.384,	4.186,
	66,	3.724,	6.482,	4.339,
	67,	3.811,	6.555,	4.345,
	68,	3.824,	6.574,	4.408,
	69,	3.865,	6.734,	4.425,
	70,	3.938,	6.845,	4.432,
	71,	4.037,	6.858,	4.592,
	72,	4.045,	7.007,	4.613,
	73,	4.053,	7.046,	4.771,
	74,	4.072,	7.067,	4.877,
	75,	4.176,	7.1,	5.159,
	76,	4.287,	7.326,	5.234,
	77,	4.307,	7.652,	5.339,
	78,	4.312,	7.679,	5.376,
	79,	4.345,	7.682,	5.412,
	80,	4.44,	7.683,	5.668,
	81,	4.541,	7.694,	5.678,
	82,	4.585,	7.701,	5.781,
	83,	4.6,	7.773,	5.808,
	84,	4.616,	8.176,	5.846,
	85,	4.639,	8.204,	5.874,
	86,	4.715,	8.207,	5.911,
	87,	4.787,	8.22,	5.937,
	88,	4.842,	8.225,	6.056,
	89,	5.138,	8.25,	6.188,
	90,	5.169,	8.292,	6.19,
	91,	5.194,	8.532,	6.195,
	92,	5.404,	8.663,	6.398,
	93,	5.45,	8.731,	6.454,
	94,	5.476,	8.765,	6.668,
	95,	5.613,	8.808,	6.971,
	96,	5.615,	8.931,	7.162,
	97,	5.656,	8.943,	7.217,
	98,	5.799,	9.157,	7.232,
	99,	5.904,	9.273,	7.816,
	100,	5.973,	9.297,	7.877,
	101,	6.119,	9.329,	7.951,
	102,	6.15,	9.4,	8.331,
	103,	6.176,	9.447,	8.368,
	104,	6.366,	9.924,	8.416,
	105,	6.775,	10.052,	8.417,
	106,	7.208,	10.104,	8.507,
	107,	7.217,	10.107,	8.872,
	108,	7.231,	10.338,	8.88,
	109,	7.236,	10.346,	8.9,
	110,	7.24,	10.443,	8.931,
	111,	7.255,	10.48,	8.941,
	112,	7.259,	10.495,	8.976,
	113,	7.259,	10.617,	9.006,
	114,	7.361,	10.884,	9.039,
	115,	7.752,	11.001,	9.255,
	116,	7.773,	11.158,	9.463,
	117,	7.782,	11.161,	9.466,
	118,	7.856,	11.236,	9.481,
	119,	7.875,	11.472,	10.028,
	120,	7.924,	11.498,	10.083,
	121,	8.235,	11.506,	10.14,
	122,	8.252,	11.561,	10.226,
	123,	8.305,	11.711,	10.492,
	124,	8.544,	11.946,	10.565,
	125,	8.867,	11.997,	10.606,
	126,	8.935,	12.633,	10.633,
	127,	9.035,	12.767,	10.639,
	128,	9.054,	13.209,	10.721,
	129,	9.055,	13.346,	10.739,
	130,	9.395,	13.696,	11.08,
	131,	9.449,	13.76,	11.121,
	132,	9.461,	13.81,	11.157,
	133,	9.488,	14.05,	11.167,
	134,	9.511,	14.198,	11.189,
	135,	9.605,	14.539,	11.198,
	136,	9.873,	15.058,	11.212,
	137,	9.916,	15.074,	11.386,
	138,	10.013,	15.128,	11.639,
	139,	10.103,	15.349,	11.658,
	140,	10.558,	15.649,	11.675,
	141,	10.567,	15.657,	11.715,
	142,	10.599,	15.665,	11.804,
	143,	10.619,	16.325,	11.849,
	144,	10.753,	16.35,	11.894,
	145,	10.861,	17.183,	11.924,
	146,	11.063,	17.337,	12.266,
	147,	11.111,	17.416,	12.284,
	148,	11.127,	17.906,	12.39,
	149,	11.147,	17.96,	12.694,
	150,	11.208,	18.063,	12.769,
	151,	11.222,	18.469,	12.941,
	152,	11.271,	19.089,	13.173,
	153,	11.29,	19.652,	13.418,
	154,	11.304,	19.789,	13.559,
	155,	11.672,	19.903,	13.588,
	156,	11.676,	19.987,	13.997,
	157,	11.713,	20.777,	14.019,
	158,	11.727,	21.027,	14.577,
	159,	12.036,	21.083,	14.634,
	160,	12.047,	21.165,	15.073,
	161,	12.069,	21.246,	15.159,
	162,	12.124,	21.678,	15.255,
	163,	12.238,	21.696,	15.637,
	164,	12.393,	22.112,	15.703,
	165,	12.443,	22.211,	15.78,
	166,	12.49,	22.438,	15.813,
	167,	12.71,	22.659,	16.359,
	168,	12.834,	22.686,	17.299,
	169,	12.835,	22.787,	17.302,
	170,	12.848,	22.805,	17.408,
	171,	12.855,	22.99,	17.436,
	172,	12.928,	23.796,	17.706,
	173,	13.257,	25.241,	17.931,
	174,	13.348,	25.486,	19,
	175,	13.536,	25.689,	19.128,
	176,	13.756,	25.704,	19.24,
	177,	13.785,	25.959,	19.324,
	178,	14.127,	26.41,	19.941,
	179,	15.056,	27.462,	19.976,
	180,	15.091,	27.637,	20.061,
	181,	15.325,	27.64,	20.145,
	182,	15.714,	27.65,	20.235,
	183,	15.766,	28.595,	20.339,
	184,	15.828,	28.916,	20.415,
	185,	16.006,	29.162,	20.455,
	186,	16.154,	29.555,	20.784,
	187,	16.162,	29.568,	21.031,
	188,	16.218,	29.751,	21.205,
	189,	16.424,	30.561,	21.263,
	190,	16.475,	30.72,	21.302,
	191,	16.901,	30.888,	21.302,
	192,	16.968,	31.418,	21.35,
	193,	17.252,	31.436,	22.32,
	194,	17.441,	31.719,	22.4,
	195,	17.879,	32.541,	22.42,
	196,	18.05,	32.885,	22.776,
	197,	18.072,	33.208,	23.038,
	198,	18.694,	33.374,	23.26,
	199,	18.73,	34.356,	23.542,
	200,	18.858,	35.955,	24.004,
	201,	18.915,	36.781,	25.698,
	202,	19.035,	37.135,	26.135,
	203,	19.399,	37.281,	27.384,
	204,	19.493,	37.411,	27.67,
	205,	19.653,	37.434,	28.622,
	206,	19.725,	38.136,	28.842,
	207,	19.734,	38.586,	28.965,
	208,	20.077,	39.204,	29.032,
	209,	20.248,	39.87,	29.554,
	210,	20.315,	40.102,	29.92,
	211,	20.572,	40.415,	31.176,
	212,	20.757,	40.815,	31.349,
	213,	20.757,	42.095,	31.549,
	214,	20.858,	42.301,	32.224,
	215,	21.346,	44.454,	32.443,
	216,	21.698,	44.887,	33.205,
	217,	21.826,	45.472,	33.301,
	218,	22.178,	45.495,	33.572,
	219,	22.362,	46.395,	34.09,
	220,	22.538,	47.185,	34.147,
	221,	22.904,	47.516,	34.15,
	222,	23.181,	47.617,	35.006,
	223,	23.211,	48.33,	35.318,
	224,	23.408,	50.429,	35.708,
	225,	23.41,	51.046,	36.484,
	226,	23.418,	51.814,	36.51,
	227,	23.607,	52.052,	37.308,
	228,	24.069,	53.448,	38.282,
	229,	24.45,	53.983,	38.542,
	230,	24.472,	54.76,	40.186,
	231,	24.575,	55.137,	40.578,
	232,	25.555,	55.313,	41.687,
	233,	25.829,	56.526,	43.686,
	234,	26.802,	57.234,	43.758,
	235,	26.893,	58.189,	44.246,
	236,	26.919,	58.291,	44.636,
	237,	26.956,	59.009,	44.908,
	238,	26.959,	59.319,	45.612,
	239,	27.032,	63.466,	46.77,
	240,	27.413,	65.091,	47.519,
	241,	27.458,	66.572,	47.867,
	242,	27.772,	66.66,	47.948,
	243,	28.918,	67.05,	49.23,
	244,	29.071,	68.804,	51.133,
	245,	29.65,	70.749,	51.391,
	246,	30.437,	70.839,	52.413,
	247,	30.508,	71.049,	54.003,
	248,	30.517,	71.05,	54.044,
	249,	30.896,	71.061,	54.366,
	250,	31.188,	72.132,	54.582,
	251,	31.279,	72.777,	55.757,
	252,	31.98,	72.818,	56.73,
	253,	32.463,	73.962,	57.422,
	254,	32.876,	73.976,	59.108,
	255,	33.01,	74.283,	59.604,
	256,	33.169,	74.498,	59.789,
	257,	33.266,	76.433,	61.016,
	258,	33.29,	77.414,	61.744,
	259,	33.379,	77.565,	62.472,
	260,	33.688,	77.937,	64.268,
	261,	33.906,	78.043,	65.316,
	262,	34.63,	78.105,	65.998,
	263,	35.232,	78.159,	66.37,
	264,	36.514,	80.113,	68.169,
	265,	36.633,	82.364,	68.323,
	266,	37.381,	82.99,	68.853,
	267,	37.455,	83.613,	70.326,
	268,	37.722,	83.665,	71.685,
	269,	38.358,	84.552,	72.776,
	270,	39.193,	84.608,	74.656,
	271,	39.375,	84.682,	74.674,
	272,	40.017,	87.529,	75.615,
	273,	40.342,	89.588,	75.965,
	274,	40.524,	91.126,	76.705,
	275,	41.401,	91.903,	78.807,
	276,	42.639,	92.21,	80.361,
	277,	42.804,	94.392,	81.648,
	278,	42.946,	94.61,	84.2,
	279,	44.313,	96.471,	84.252,
	280,	44.715,	98.679,	84.535,
	281,	45,	100.559,	85.244,
	282,	45.551,	101.925,	86.761,
	283,	46.041,	109.085,	87.397,
	284,	46.046,	113.436,	87.839,
	285,	46.593,	113.931,	87.889,
	286,	46.631,	115.255,	88.538,
	287,	46.938,	116.343,	90.341,
	288,	47.206,	116.406,	90.779,
	289,	47.693,	117.709,	91.321,
	290,	47.774,	120.558,	92.885,
	291,	47.884,	122.726,	93.389,
	292,	48.127,	123.637,	93.433,
	293,	48.207,	124.708,	93.568,
	294,	48.235,	131.289,	93.726,
	295,	48.644,	131.403,	94.897,
	296,	48.848,	132.001,	97.117,
	297,	49.282,	134.283,	98.259,
	298,	49.641,	134.389,	99.401,
	299,	49.666,	135.585,	100.698,
	300,	50.032,	143.909,	102.967,
	301,	50.368,	150.39,	104.742,
	302,	50.686,	156.715,	110.302,
	303,	53.219,	161.309,	110.974,
	304,	53.366,	162.878,	111.798,
	305,	53.626,	162.879,	111.806,
	306,	53.861,	175.079,	116.412,
	307,	54.679,	177.671,	118.577,
	308,	55.703,	190.409,	119.416,
	309,	55.878,	194.319,	119.562,
	310,	56.819,	194.605,	122.698,
	311,	59.203,	203.025,	124.507,
	312,	59.852,	208.197,	124.787,
	313,	60.724,	215.733,	125.461,
	314,	61.329,	219.643,	125.962,
	315,	67.054,	223.248,	126.788,
	316,	68.056,	223.78,	127.147,
	317,	68.809,	226.938,	130.123,
	318,	68.92,	233.609,	132.084,
	319,	68.992,	240.296,	134.2,
	320,	70.257,	258.156,	135.079,
	321,	71.018,	259.667,	137.53,
	322,	71.359,	269.111,	142.726,
	323,	72.997,	275.802,	143.898,
	324,	75.145,	278.711,	144.588,
	325,	76.455,	291.045,	144.876,
	326,	78.74,	291.119,	149.992,
	327,	78.804,	297.472,	157.524,
	328,	79.035,	307.499,	159.492,
	329,	80.042,	314.742,	159.904,
	330,	81.41,	325.029,	162.12,
	331,	81.506,	326.035,	163.132,
	332,	85.787,	331.74,	167.419,
	333,	85.881,	335.669,	168.306,
	334,	86.78,	340.789,	168.515,
	335,	87.006,	346.173,	168.828,
	336,	89.225,	376.116,	171.33,
	337,	90.432,	383.592,	180.541,
	338,	90.714,	385.828,	189.321,
	339,	91.195,	390.907,	191.1,
	340,	92.163,	401.477,	193.457,
	341,	95.25,	412.108,	193.912,
	342,	95.339,	417.899,	194.027,
	343,	99.344,	426.121,	197.297,
	344,	99.56,	426.585,	204.669,
	345,	99.583,	461.515,	205.97,
	346,	99.783,	463.529,	219.147,
	347,	102.874,	464.544,	220.979,
	348,	103.513,	467.727,	232.704,
	349,	105.033,	496.435,	234.98,
	350,	105.415,	529.709,	252.989,
	351,	110.311,	534.912,	253.749,
	352,	113.647,	550.147,	256.846,
	353,	117.726,	565.98,	259.345,
	354,	120.925,	566.621,	260.101,
	355,	120.995,	579.952,	280.692,
	356,	123.216,	595.13,	281.955,
	357,	123.409,	608.961,	283.136,
	358,	126.575,	612.507,	290.589,
	359,	127.623,	614.406,	298.225,
	360,	131.356,	615.553,	300.355,
	361,	133.69,	627.914,	301.454,
	362,	135.649,	670.168,	304.492,
	363,	137.177,	703.999,	305.675,
	364,	141.696,	733.252,	306.789,
	365,	144.254,	792.02,	307.326,
	366,	146.147,	792.517,	310.33,
	367,	146.42,	794.641,	312.422,
	368,	147.072,	805.434,	318.219,
	369,	147.338,	824.357,	325.831,
	370,	156.377,	868.027,	326.721,
	371,	156.468,	895.1,	331.982,
	372,	156.734,	931.405,	332.174,
	373,	161.044,	954.235,	336.452,
	374,	162.697,	954.786,	337.372,
	375,	164.492,	965.187,	340.921,
	376,	166.355,	968.275,	341.166,
	377,	171.135,	1015.897,	355.1,
	378,	176.004,	1023.4,	363.186,
	379,	182.963,	1036.992,	365.461,
	380,	185.454,	1058.91,	366.956,
	381,	190.076,	1086.135,	371.042,
	382,	192.461,	1172.17,	376.821,
	383,	194.342,	1183.062,	380.012,
	384,	201.801,	1184.868,	386.455,
	385,	204.433,	1187.165,	391.404,
	386,	211.539,	1194.248,	391.865,
	387,	211.57,	395.47,
	388,	211.897,	402.864,
	389,	213.874,	403.33,
	390,	218.83,	405.751,
	391,	223.147,	409.839,
	392,	233.127,	421.674,
	393,	233.204,	428.492,
	394,	239.321,	430.683,
	395,	240.268,	431.518,
	396,	262.496,	434.593,
	397,	262.541,	450.365,
	398,	263.56,	451.241,
	399,	272.223,	482.725,
	400,	275.768,	486.259,
	401,	280.666,	489.991,
	402,	282.561,	501.935,
	403,	284.056,	537.532,
	404,	295.931,	538.281,
	405,	297.317,	567.197,
	406,	313.795,	608.436,
	407,	322.444,	610.418,
	408,	324.642,	629.443,
	409,	325.358,	637.207,
	410,	325.885,	658.948,
	411,	328.516,	665.478,
	412,	330.983,	676.803,
	413,	353.327,	679.754,
	414,	354.889,	742.082,
	415,	356.819,	743.908,
	416,	360.131,	756.609,
	417,	364.038,	780.966,
	418,	364.634,	788.228,
	419,	380.036,	832.058,
	420,	399.924,	856.207,
	421,	400.698,	858.198,
	422,	410.307,	873.413,
	423,	417.986,	899.885,
	424,	426.459,	899.995,
	425,	431.541,	947.12,
	426,	436.997,	948.685,
	427,	479.16,	977.591,
	428,	501.957,	1000.212,
	429,	505.93,	1001.491,
	430,	545.285,	1010.879,
	431,	547.52,	1035.056,
	432,	549.408,	1076.375,
	433,	552.713,	1084.059,
	434,	554.661,	1104.61,
	435,	564.657,	1111.182,
	436,	581.007,	1118.477,
	437,	585.234,	1125.812,
	438,	597.882,	1139.631,
	439,	605.562,	1149.296,
	440,	613.197,	1158.69,
	441,	622.553,
	442,	636.367,
	443,	691.988,
	444,	709.609,
	445,	729.727,
	446,	739.324,
	447,	741.583,
	448,	749.774,
	449,	759.71,
	450,	767.595,
	451,	781.971,
	452,	807.135,
	453,	817.892,
	454,	854.508,
	455,	870.856,
	456,	903.675,
	457,	920.786,
	458,	952.204,
	459,	969.288,
	460,	1013.225,
	461,	1046.952,
	462,	1089.092,
	463,	1144.34,
	464,	1156.537,
	465,	1186.493,
	466,	1186.624,
